Stockfish d5 s5: 727.0 from 1298 games (0.56 ppg)
merged_XL3/_orig: 1 from 2 games (0.50 ppg)
merged_XL/_orig: 1 from 2 games (0.50 ppg)
merged_3models_fo/1.590137270045908 copy: 1 from 2 games (0.50 ppg)
merged_double/_orig: 475.0 from 1021 games (0.47 ppg)
merged_2op3me/_orig: 131.5 from 319 games (0.41 ppg)
merged_mg4/1.5850087277119673_temp: 0.5 from 2 games (0.25 ppg)
inpConv_c16x2x6_skip_l2_d101010_l1_do1_bn/1.6967400099549974: 0.5 from 2 games (0.25 ppg)
merged_trained/1.6335621824351754 copy: 0.5 from 2 games (0.25 ppg)
